Average rec rate:  4.05186860429215 
Sd:  2.44663851596461 
Max:  14.7925 
Min:  0
